
inf 1.170513584747064240e+00 9.687034383950526850e-01 1.281854957826358499e+00 2.826390306049993306e+00 1.560997918104726434e+00 2.164716703538165810e+00 1.570250014465552457e+00 2.299510014574684735e+00 2.701735417264095940e+00 1.510821700545102120e+00 2.070061906793422501e+00 1.759462147513623176e+00 2.678572821272620086e+00 1.759462147513623176e+00 1.759462147513623176e+00
1.170513584747064240e+00 inf 7.666046482124193595e-01 1.529584652817132184e+00 2.203357670044236105e+00 2.177273415780105026e+00 1.458651007139768474e+00 1.216912647835470151e+00 2.934640868210372844e+00 2.770637493618762992e+00 1.214515316538260947e+00 1.636713967799653169e+00 7.934458806016653210e-01 2.437624293167343303e+00 7.934458806016653210e-01 7.934458806016653210e-01
9.687034383950526850e-01 7.666046482124193595e-01 inf 7.837159645201805525e-01 2.454009807149911460e+00 1.888415853071211847e+00 1.982815743866065850e+00 7.436232305231181838e-01 2.198238852308297631e+00 2.303064421986516397e+00 6.844563506862159086e-01 2.105947506808634628e+00 1.557826213557563788e+00 3.040022569397253349e+00 1.557826213557563788e+00 1.557826213557563788e+00
1.281854957826358499e+00 1.529584652817132184e+00 7.837159645201805525e-01 inf 3.067853844907029170e+00 2.069086741507094818e+00 2.734327093331816005e+00 1.062365157597703558e+00 1.609296884137461303e+00 2.277857763620244835e+00 9.667545636073775484e-01 2.826432455755661710e+00 2.322000495030067224e+00 3.751379924542832978e+00 2.322000495030067224e+00 2.322000495030067224e+00
2.826390306049993306e+00 2.203357670044236105e+00 2.454009807149911460e+00 3.067853844907029170e+00 inf 2.410584723190145162e+00 1.110445273196986493e+00 2.072797241711532124e+00 3.749914429287236395e+00 2.323554341298578407e+00 2.156433603161074686e+00 1.314090035605632867e+00 2.126150747070747027e+00 2.593033511907458788e+00 2.126150747070747027e+00 2.126150747070747027e+00
1.560997918104726434e+00 2.177273415780105026e+00 1.888415853071211847e+00 2.069086741507094818e+00 2.410584723190145162e+00 inf 2.288497106162927786e+00 1.867054150327106754e+00 2.050759756612761109e+00 1.787706436791854259e+00 1.847165533548900784e+00 2.040876177611934406e+00 2.645479829247327608e+00 2.951785741001671237e+00 2.645479829247327608e+00 2.645479829247327608e+00
2.164716703538165810e+00 1.458651007139768474e+00 1.982815743866065850e+00 2.734327093331816005e+00 1.110445273196986493e+00 2.288497106162927786e+00 inf 1.958878307455635515e+00 3.746997336155206693e+00 2.839597108977207185e+00 2.016500099234112664e+00 5.029073861786891309e-01 1.142017518905189100e+00 1.681810664709131764e+00 1.142017518905189100e+00 1.142017518905189100e+00
1.570250014465552457e+00 1.216912647835470151e+00 7.436232305231181838e-01 1.062365157597703558e+00 2.072797241711532124e+00 1.867054150327106754e+00 1.958878307455635515e+00 inf 2.089934661443490160e+00 1.705387881881994083e+00 9.688668494691564381e-02 2.146327203634668557e+00 1.887393036164026316e+00 3.324537071762858620e+00 1.887393036164026316e+00 1.887393036164026316e+00
2.299510014574684735e+00 2.934640868210372844e+00 2.198238852308297631e+00 1.609296884137461303e+00 3.749914429287236395e+00 2.050759756612761109e+00 3.746997336155206693e+00 2.089934661443490160e+00 inf 1.910525240613233589e+00 2.019665063149273188e+00 3.713694966614900839e+00 3.697861439993836985e+00 4.721464928498163793e+00 3.697861439993836985e+00 3.697861439993836985e+00
2.701735417264095940e+00 2.770637493618762992e+00 2.303064421986516397e+00 2.277857763620244835e+00 2.323554341298578407e+00 1.787706436791854259e+00 2.839597108977207185e+00 1.705387881881994083e+00 1.910525240613233589e+00 inf 1.727409044798655202e+00 2.870638143418828392e+00 3.319171662511156029e+00 4.170937688897279116e+00 3.319171662511156029e+00 3.319171662511156029e+00
1.510821700545102120e+00 1.214515316538260947e+00 6.844563506862159086e-01 9.667545636073775484e-01 2.156433603161074686e+00 1.847165533548900784e+00 2.016500099234112664e+00 9.688668494691564381e-02 2.019665063149273188e+00 1.727409044798655202e+00 inf 2.190716036326177729e+00 1.910443653297103195e+00 3.348047336153892495e+00 1.910443653297103195e+00 1.910443653297103195e+00
2.070061906793422501e+00 1.636713967799653169e+00 2.105947506808634628e+00 2.826432455755661710e+00 1.314090035605632867e+00 2.040876177611934406e+00 5.029073861786891309e-01 2.146327203634668557e+00 3.713694966614900839e+00 2.870638143418828392e+00 2.190716036326177729e+00 inf 1.378455630363946138e+00 1.380904088007851138e+00 1.378455630363946138e+00 1.378455630363946138e+00
1.759462147513623176e+00 7.934458806016653210e-01 1.557826213557563788e+00 2.322000495030067224e+00 2.126150747070747027e+00 2.645479829247327608e+00 1.142017518905189100e+00 1.887393036164026316e+00 3.697861439993836985e+00 3.319171662511156029e+00 1.910443653297103195e+00 1.378455630363946138e+00 inf 1.915805274729830199e+00 0.000000000000000000e+00 0.000000000000000000e+00
2.678572821272620086e+00 2.437624293167343303e+00 3.040022569397253349e+00 3.751379924542832978e+00 2.593033511907458788e+00 2.951785741001671237e+00 1.681810664709131764e+00 3.324537071762858620e+00 4.721464928498163793e+00 4.170937688897279116e+00 3.348047336153892495e+00 1.380904088007851138e+00 1.915805274729830199e+00 inf 1.915805274729830199e+00 1.915805274729830199e+00
1.759462147513623176e+00 7.934458806016653210e-01 1.557826213557563788e+00 2.322000495030067224e+00 2.126150747070747027e+00 2.645479829247327608e+00 1.142017518905189100e+00 1.887393036164026316e+00 3.697861439993836985e+00 3.319171662511156029e+00 1.910443653297103195e+00 1.378455630363946138e+00 0.000000000000000000e+00 1.915805274729830199e+00 inf 0.000000000000000000e+00
1.759462147513623176e+00 7.934458806016653210e-01 1.557826213557563788e+00 2.322000495030067224e+00 2.126150747070747027e+00 2.645479829247327608e+00 1.142017518905189100e+00 1.887393036164026316e+00 3.697861439993836985e+00 3.319171662511156029e+00 1.910443653297103195e+00 1.378455630363946138e+00 0.000000000000000000e+00 1.915805274729830199e+00 0.000000000000000000e+00 inf
