
inf 3.225436459185045401e-01 2.961465597155825691e-01 4.307137376400151929e-01 1.993076571243378226e+00 8.291363865779290965e-01 1.256886483814441791e+00 1.074107071782956169e+00 1.219241509095703391e+00 2.609380131918847212e+00 1.089060851520158524e+00 1.226341630047874665e+00 7.217360603163683885e-01 1.608640338473922515e+00 7.217360603163683885e-01 7.217360603163683885e-01
3.225436459185045401e-01 inf 0.000000000000000000e+00 8.336024361580025577e-01 1.408414063374871628e+00 7.197420539277749052e-01 8.757223668670549577e-01 4.093650593150532924e-01 2.289232673178459354e+00 2.108755399537487030e+00 4.656061876738011307e-01 8.448991200424947889e-01 3.939881764700040589e-01 1.553528010110453828e+00 3.939881764700040589e-01 3.939881764700040589e-01
2.961465597155825691e-01 0.000000000000000000e+00 inf 1.976894285885395525e-03 1.329096681469295715e+00 0.000000000000000000e+00 1.210443352122571259e+00 0.000000000000000000e+00 9.668530724226555018e-01 1.494770241869912697e+00 5.378517041679575783e-02 1.179225215067527310e+00 6.415709399170190785e-01 1.991169776135901515e+00 6.415709399170190785e-01 6.415709399170190785e-01
4.307137376400151929e-01 8.336024361580025577e-01 1.976894285885395525e-03 inf 2.409064385007970710e+00 4.289905223617656027e-01 2.241283805956194808e+00 2.178481966601689135e-01 8.847720928743965096e-01 1.748884897694545693e+00 2.818227990846218223e-01 2.236933036604136227e+00 1.699206052379601539e+00 3.018103969427314404e+00 1.699206052379601539e+00 1.699206052379601539e+00
1.993076571243378226e+00 1.408414063374871628e+00 1.329096681469295715e+00 2.409064385007970710e+00 inf 5.821397698226473683e-01 0.000000000000000000e+00 1.237523060999025315e+00 3.627049926238793187e+00 1.483123503445077818e+00 1.545292963773224004e+00 5.188853069829368198e-03 1.310506544679841623e+00 1.693083430747231111e+00 1.310506544679841623e+00 1.310506544679841623e+00
8.291363865779290965e-01 7.197420539277749052e-01 0.000000000000000000e+00 4.289905223617656027e-01 5.821397698226473683e-01 inf 5.863319113159353169e-01 1.438960478312273361e-01 5.419563900122135180e-01 5.835318360526526860e-01 4.133556251260938619e-01 5.767084787951590741e-01 1.297441788173766763e+00 7.106078119743128862e-01 1.297441788173766763e+00 1.297441788173766763e+00
1.256886483814441791e+00 8.757223668670549577e-01 1.210443352122571259e+00 2.241283805956194808e+00 0.000000000000000000e+00 5.863319113159353169e-01 inf 1.281021523126651518e+00 3.615172672469191717e+00 1.809055550638001275e+00 1.569500278679099470e+00 0.000000000000000000e+00 2.853036813174812947e-01 5.501056582928157690e-01 2.853036813174812947e-01 2.853036813174812947e-01
1.074107071782956169e+00 4.093650593150532924e-01 0.000000000000000000e+00 2.178481966601689135e-01 1.237523060999025315e+00 1.438960478312273361e-01 1.281021523126651518e+00 inf 1.436366778790236998e+00 1.116313029711290872e+00 0.000000000000000000e+00 1.267837109278114660e+00 1.284920207964833860e+00 2.524879976433282547e+00 1.284920207964833860e+00 1.284920207964833860e+00
1.219241509095703391e+00 2.289232673178459354e+00 9.668530724226555018e-01 8.847720928743965096e-01 3.627049926238793187e+00 5.419563900122135180e-01 3.615172672469191717e+00 1.436366778790236998e+00 inf 6.547959307644205529e-01 1.554883583733293051e+00 3.611614382858365335e+00 3.138580628252391147e+00 4.169271855544054439e+00 3.138580628252391147e+00 3.138580628252391147e+00
2.609380131918847212e+00 2.108755399537487030e+00 1.494770241869912697e+00 1.748884897694545693e+00 1.483123503445077818e+00 5.835318360526526860e-01 1.809055550638001275e+00 1.116313029711290872e+00 6.547959307644205529e-01 inf 1.173358431313256789e+00 1.843442066873691054e+00 2.663838109109916807e+00 3.348401594138379345e+00 2.663838109109916807e+00 2.663838109109916807e+00
1.089060851520158524e+00 4.656061876738011307e-01 5.378517041679575783e-02 2.818227990846218223e-01 1.545292963773224004e+00 4.133556251260938619e-01 1.569500278679099470e+00 0.000000000000000000e+00 1.554883583733293051e+00 1.173358431313256789e+00 inf 1.569500278679099470e+00 1.337768172022598456e+00 2.573654466687880671e+00 1.337768172022598456e+00 1.337768172022598456e+00
1.226341630047874665e+00 8.448991200424947889e-01 1.179225215067527310e+00 2.236933036604136227e+00 5.188853069829368198e-03 5.767084787951590741e-01 0.000000000000000000e+00 1.267837109278114660e+00 3.611614382858365335e+00 1.843442066873691054e+00 1.569500278679099470e+00 inf 2.456405683719099231e-01 5.779171273299161804e-01 2.456405683719099231e-01 2.456405683719099231e-01
7.217360603163683885e-01 3.939881764700040589e-01 6.415709399170190785e-01 1.699206052379601539e+00 1.310506544679841623e+00 1.297441788173766763e+00 2.853036813174812947e-01 1.284920207964833860e+00 3.138580628252391147e+00 2.663838109109916807e+00 1.337768172022598456e+00 2.456405683719099231e-01 inf 1.065285263258859860e+00 0.000000000000000000e+00 0.000000000000000000e+00
1.608640338473922515e+00 1.553528010110453828e+00 1.991169776135901515e+00 3.018103969427314404e+00 1.693083430747231111e+00 7.106078119743128862e-01 5.501056582928157690e-01 2.524879976433282547e+00 4.169271855544054439e+00 3.348401594138379345e+00 2.573654466687880671e+00 5.779171273299161804e-01 1.065285263258859860e+00 inf 1.065285263258859860e+00 1.065285263258859860e+00
7.217360603163683885e-01 3.939881764700040589e-01 6.415709399170190785e-01 1.699206052379601539e+00 1.310506544679841623e+00 1.297441788173766763e+00 2.853036813174812947e-01 1.284920207964833860e+00 3.138580628252391147e+00 2.663838109109916807e+00 1.337768172022598456e+00 2.456405683719099231e-01 0.000000000000000000e+00 1.065285263258859860e+00 inf 0.000000000000000000e+00
7.217360603163683885e-01 3.939881764700040589e-01 6.415709399170190785e-01 1.699206052379601539e+00 1.310506544679841623e+00 1.297441788173766763e+00 2.853036813174812947e-01 1.284920207964833860e+00 3.138580628252391147e+00 2.663838109109916807e+00 1.337768172022598456e+00 2.456405683719099231e-01 0.000000000000000000e+00 1.065285263258859860e+00 0.000000000000000000e+00 inf
